# pow tasks: 100
# idx base                exp                 result              
1     6.8180478011        1.4032681241        14.7859271757       
2     6.7262886301        1.6162685017        21.7724582282       
3     6.0717613761        3.2526427108        353.0553798110      
4     7.8069990763        4.4724773883        9808.7819858431     
5     4.4918807725        2.0624747618        22.1623974121       
6     4.4882156425        2.8419851052        71.3154760459       
7     4.4775843183        4.8670048446        1474.4606839048     
8     9.4134311471        2.2686516614        161.8433671832      
9     9.3670830252        4.1554435745        10900.5179578384    
10    2.0773957359        4.1100240747        20.1842075589       
11    9.5917292903        1.5003135065        29.7271449460       
12    5.9579145022        1.4881502628        14.2382540165       
13    2.9516367073        0.7311574373        2.2064291541        
14    1.4184967318        3.2220324880        3.0845786093        
15    9.7065372280        0.6853251425        4.7474456212        
16    8.9487457867        0.6436346958        4.0981434415        
17    8.3806468290        4.1576771674        6897.4719720139     
18    1.7589713169        3.2995536581        6.4453192065        
19    8.3491193835        4.5599991730        15947.0625551549    
20    5.6494212579        2.9128166472        155.0421038216      
21    7.9988753795        1.8161657467        43.6566304105       
22    9.6854003492        2.7850893870        557.7320455243      
23    1.6287868873        3.1910470918        4.7431716827        
24    9.4716324331        4.4516719967        22218.9278783251    
25    6.1288967021        1.6381150191        19.4904907440       
26    9.6902683582        1.8613423472        68.5343978393       
27    1.3422781747        3.5411284091        2.8360038108        
28    3.7638372968        4.9541781722        710.8496436609      
29    5.3517834672        4.6887853153        2604.7930622915     
30    5.4524261094        2.0300672299        31.2843252247       
31    9.4657469435        2.3235579433        185.4182374081      
32    4.3832995603        0.9389929617        4.0054080326        
33    4.7920863644        3.9927058631        521.3563960829      
34    2.4859745408        2.3785937512        8.7242062400        
35    6.8249031558        0.5728996242        3.0050629050        
36    6.8986300943        0.6197838899        3.3101807384        
37    1.3178285397        0.5747270524        1.1718881353        
38    7.8698865441        4.9529648046        27396.8293725125    
39    1.3975326085        1.1274882515        1.4584578786        
40    7.1575970655        4.1488907507        3518.3247390495     
41    8.4174307798        2.7549099296        353.8232269712      
42    4.6478421088        0.9047691234        4.0152115665        
43    8.6056130679        0.8977593028        6.9057216718        
44    8.9775433270        2.8177029263        484.9698105374      
45    8.5110337818        4.5824730308        18264.9662687436    
46    6.2418170057        4.3698534836        2988.0831890720     
47    9.0834007484        1.7811969320        50.9130651575       
48    4.9372246776        1.8074119273        17.9229399081       
49    5.3881536400        1.3561059313        9.8154470125        
50    1.5127809616        1.3027120643        1.7147326984        
51    8.8683229318        2.4969313234        232.6457530305      
52    5.0714739562        3.6496022932        374.5065275517      
53    5.9966485033        2.9599467620        200.7095427288      
54    6.1161077598        3.8652072379        1096.1988943588     
55    5.4675347562        0.9857933052        5.3371569340        
56    5.6351699660        4.8907294089        4704.1703925843     
57    6.9363712980        2.3905705007        102.5146990856      
58    7.8042042501        2.9306776397        412.2185723570      
59    6.4222290660        4.5595279880        4815.7726194476     
60    8.6757920714        1.5081659342        26.0091328576       
61    2.9796216424        4.1774995448        95.6770691849       
62    5.4248921642        2.3373740234        52.0650995248       
63    9.0497755118        3.1599030447        1054.1021924809     
64    9.4717637886        2.3031347075        177.3584156519      
65    4.5927833044        3.5089971508        210.4857213840      
66    1.0635293382        3.1347782632        1.2129800888        
67    1.5124944412        4.5421549166        6.5493321899        
68    3.0661267665        2.5165128454        16.7691192576       
69    5.5155686095        4.1303445308        1156.1745451533     
70    9.8395975425        0.9565436691        8.9089430698        
71    9.7307713607        4.1027462410        11327.0675488491    
72    5.6340131468        4.9480033318        5188.5887947510     
73    6.8515580344        2.7138166435        185.4295836512      
74    6.3365389015        0.8151890800        4.5046502811        
75    7.4397134126        3.9096567049        2555.5569618791     
76    6.3900984983        3.4644943447        617.5560210066      
77    7.2640693574        1.3832948697        15.5333758702       
78    9.0307156913        3.4401284772        1940.0237777431     
79    6.1659180695        2.8903212683        192.0203680561      
80    5.3692426941        4.7704708484        3034.0927635657     
81    6.9844530281        2.7675723281        216.8689986253      
82    6.1976527882        2.5982875842        114.4021553949      
83    2.5173710143        3.4389103175        23.9233259094       
84    2.6905409314        2.4269272914        11.0456038801       
85    4.3854249282        4.1464557922        459.2752615432      
86    4.8361496898        4.6411558064        1502.6918072893     
87    1.3506047839        3.3657639637        2.7499664374        
88    3.8940263503        2.9815524926        57.5844562384       
89    7.9318378331        2.8798804506        389.1249703233      
90    3.5613796654        4.6125380871        350.2356105913      
91    4.8503085436        4.8231632866        2030.3814212807     
92    6.8006159706        4.9324923422        12780.2065454077    
93    5.1086895839        2.2166316047        37.1587636996       
94    5.0050233274        2.3402796042        43.3317116870       
95    6.4632256272        1.2504034184        10.3130849861       
96    3.8901390151        0.9974625577        3.8767528851        
97    7.3216158003        3.1837756220        565.8671521061      
98    6.2972564376        4.6264700131        4980.2356311932     
99    8.1180919699        1.9547608298        59.9466600810       
100   5.8745844443        4.5216110218        2999.2699842404     
