# sqrt tasks: 100
# idx arg                 result              
1     712.9553215803      26.7012232225       
2     428.4709250289      20.6995392468       
3     690.8848514377      26.2846885361       
4     719.1503088808      26.8169779968       
5     491.1189327760      22.1612033242       
6     780.0277605241      27.9289770762       
7     410.9243680678      20.2712695228       
8     579.6942975570      24.0768415195       
9     139.9507633133      11.8300787535       
10    401.0175541956      20.0254226971       
11    627.3170039857      25.0462972111       
12    324.1508961024      18.0041910705       
13    244.7592798710      15.6447844303       
14    694.7551751648      26.3582088763       
15    593.9023979935      24.3701128022       
16    631.7920204573      25.1354733486       
17    440.2571774978      20.9823062960       
18    83.7264853007       9.1502177734        
19    712.3301780158      26.6895143833       
20    427.8634897274      20.6848613659       
21    297.7804983115      17.2563176348       
22    492.0847732223      22.1829838665       
23    740.2963870495      27.2083881744       
24    357.7289200879      18.9137230626       
25    417.2099471843      20.4257177887       
26    654.7213097389      25.5875225401       
27    373.8014321685      19.3339450751       
28    234.5128735128      15.3138131604       
29    987.9952846779      31.4323922837       
30    765.9959503522      27.6766318462       
31    777.0044368441      27.8747993149       
32    27.9819544949       5.2897972073        
33    173.9065187124      13.1873620832       
34    154.0822439114      12.4129869053       
35    77.0864827619       8.7798908172        
36    889.8656999954      29.8306168222       
37    750.3787044963      27.3930411692       
38    693.4032395700      26.3325509507       
39    511.7633764036      22.6221877015       
40    464.2680542315      21.5468803828       
41    568.4306981563      23.8417847100       
42    302.5494530135      17.3939487470       
43    497.3087905248      22.3004213082       
44    683.2629086950      26.1392981676       
45    916.6986772014      30.2770321729       
46    108.9289489320      10.4369032252       
47    495.4917865067      22.2596447974       
48    232.8359317001      15.2589623402       
49    436.8606625403      20.9012119874       
50    751.5429986205      27.4142845725       
51    480.8921246139      21.9292527144       
52    797.7284085533      28.2440862581       
53    282.7029348358      16.8137721775       
54    433.4182416892      20.8186993275       
55    9.7573512101        3.1236759131        
56    340.7959852610      18.4606604774       
57    689.2720066051      26.2539902987       
58    869.3692841756      29.4850688345       
59    267.8038230807      16.3647127405       
60    456.7479136191      21.3716614614       
61    268.2813039677      16.3792949777       
62    837.0527950083      28.9318646998       
63    270.5146641528      16.4473300007       
64    530.0620120658      23.0230756431       
65    175.3726624517      13.2428343813       
66    314.9664434798      17.7472939763       
67    891.1090986253      29.8514505280       
68    180.3362831109      13.4289345486       
69    494.3162030993      22.2332229580       
70    212.2981042071      14.5704531229       
71    520.8768688831      22.8227270256       
72    160.0999410463      12.6530605407       
73    919.0568003401      30.3159496031       
74    994.2899201353      31.5323630598       
75    477.0475581792      21.8414184104       
76    309.8835064085      17.6035083551       
77    507.2043197129      22.5211971199       
78    280.7932007497      16.7568851744       
79    763.8366956155      27.6375956917       
80    108.5422992929      10.4183635612       
81    511.6547162921      22.6197859471       
82    909.7693943633      30.1623837646       
83    218.3760110183      14.7775509141       
84    363.1040613141      19.0552895888       
85    854.9728113984      29.2399181155       
86    711.3918007448      26.6719290781       
87    392.9444107593      19.8228254989       
88    231.3014860366      15.2085990820       
89    380.1747121161      19.4980694459       
90    549.1621017917      23.4342079404       
91    556.7190588231      23.5948947619       
92    4.1346417264        2.0333818447        
93    638.0225187996      25.2591076406       
94    57.6480179472       7.5926291854        
95    43.0269028510       6.5594895267        
96    875.0511372210      29.5812632797       
97    292.5876065044      17.1051923843       
98    762.7676633184      27.6182487374       
99    367.8652630748      19.1798139479       
100   873.5022680702      29.5550717825       
