# sin tasks: 100
# idx arg                 result              
1     5.9308596858        -0.3450815035       
2     -6.3313042421       -0.0481003677       
3     5.5938199523        -0.6360475866       
4     1.9370032316        0.9336922771        
5     -1.0833448490       -0.8835293925       
6     -8.0005015891       -0.9892851409       
7     -0.8150222429       -0.7277408541       
8     -3.3258277696       0.1831946476        
9     -7.1426637117       -0.7575021514       
10    3.0177694685        0.1235070143        
11    -8.8717684708       -0.5252505221       
12    4.4399754329        -0.9631243209       
13    8.7710542876        0.6081465591        
14    -9.9844247046       0.5308868667        
15    9.8442312851        -0.4072612286       
16    2.3496301481        0.7117332039        
17    2.2330632494        0.7886003144        
18    -9.8586738271       0.4204088390        
19    -9.5387514288       0.1137268766        
20    0.4954932364        0.4754656261        
21    -2.0027804439       -0.9081368405       
22    -9.0666866343       -0.3504872712       
23    9.4751104493        -0.0503112395       
24    -5.3445731925       0.8067387648        
25    -8.1878712892       -0.9447747745       
26    2.3677202956        0.6989100195        
27    -2.3507601991       -0.7109389454       
28    9.6646177187        -0.2375469742       
29    -0.6647420274       -0.6168561093       
30    7.1988080630        0.7929421838        
31    3.6061507771        -0.4480277990       
32    -0.9900149323       -0.8360341717       
33    -9.7347008387       0.3049851896        
34    8.8440350860        0.5486451725        
35    1.2657643015        0.9538373351        
36    -2.2916698744       -0.7512294385       
37    -9.6806748523       0.2531131961        
38    -5.3821235844       0.7839864455        
39    -5.1794906162       0.8928771710        
40    3.6652704861        -0.5000684637       
41    2.1999331337        0.8085357529        
42    6.6638982645        0.3715824733        
43    -6.5327070559       -0.2469405473       
44    -2.1787878084       -0.8207969786       
45    -6.3552782626       -0.0720305224       
46    5.1072281770        -0.9230584309       
47    -1.4968824512       -0.9972696129       
48    -5.8411667239       0.4277649126        
49    1.3540065454        0.9765929844        
50    -9.3737341641       -0.0510216340       
51    6.8456954601        0.5333112621        
52    -1.0049174178       -0.8441176925       
53    -2.0969953670       -0.8647223452       
54    8.5331772449        0.7780782614        
55    4.5454399222        -0.9860963446       
56    -3.4691845676       0.3217639397        
57    1.4088795199        0.9869200877        
58    0.4166853204        0.4047316213        
59    9.2234405738        0.1999798810        
60    6.8906770103        0.5708097396        
61    4.9464022200        -0.9727436281       
62    0.7938425907        0.7130526109        
63    1.7350233711        0.9865450204        
64    9.3051062168        0.1193863054        
65    2.1406849999        0.8419610455        
66    -4.4800163221       0.9731227421        
67    -4.0745298744       0.8033724509        
68    -6.6946611702       -0.3999624381       
69    -9.6872719001       0.2594898679        
70    -1.5319704591       -0.9992463707       
71    -2.1023696625       -0.8620106293       
72    -4.1302364729       0.8352810874        
73    -9.7184035275       0.2894245152        
74    -6.0231519359       0.2571128014        
75    4.2268389822        -0.8844184016       
76    5.8035107084        -0.4614905219       
77    2.1191996093        0.8533580188        
78    8.5260175591        0.7825557613        
79    3.0215406109        0.1197638756        
80    8.2991935085        0.9025194421        
81    7.0007715042        0.6575680419        
82    -1.0109865124       -0.8473561197       
83    -8.0917976781       -0.9718547900       
84    -2.5836348996       -0.5294547880       
85    3.3768251413        -0.2330690769       
86    3.3184470438        -0.1759339044       
87    1.8259557138        0.9676230788        
88    -4.5055641716       0.9786878835        
89    1.2248684600        0.9407612461        
90    -2.3414625112       -0.7174467559       
91    9.4342418672        -0.0094637652       
92    6.9782763846        0.6404553892        
93    4.4345903618        -0.9616614733       
94    -5.2803016148       0.8430255496        
95    -4.8786335542       0.9862131673        
96    -9.1913281638       -0.2313351117       
97    4.2132577976        -0.8779987638       
98    -7.7821834691       -0.9974236188       
99    -1.2132698529       -0.9367653192       
100   -5.9656158737       0.3122584539        
